function varargout = GaussianIntegral()
	%				*8			*7
	%			*5			*6
	%					p
	%				   |__s (parametric coordinate system)
	%				  /-t
	%				*4			*3
	%			*1			*2
	%
	%				Gaussian point	
	varargout{1} = [-0.577350269189626 0.577350269189626 0.577350269189626 -0.577350269189626 ...
			-0.577350269189626 0.577350269189626 0.577350269189626 -0.577350269189626]';
	varargout{2} = [-0.577350269189626 -0.577350269189626 0.577350269189626 0.577350269189626 ...
			-0.577350269189626 -0.577350269189626 0.577350269189626 0.577350269189626]';
	varargout{3} = [-0.577350269189626 -0.577350269189626 -0.577350269189626 -0.577350269189626 ...
			0.577350269189626 0.577350269189626 0.577350269189626 0.577350269189626]';
	varargout{4} = [1.0, 1.0, 1.0, 1.0, 1.0, 1.0, 1.0, 1.0]';		
end